[17, 34, 73, 81, 84, 93, 98, 127, 169, 202, 208, 229, 244, 254, 274, 290, 316, 350, 357, 385, 392, 401, 419, 450, 465, 483, 510, 522, 564, 606, 612, 651, 660, 666, 689, 702, 730, 738, 747, 778, 783, 798, 823, 834, 843, 868, 929, 942, 945, 955, 969, 991, 1006, 1023, 1050, 1064, 1071, 1160, 1173, 1179, 1189]
[16, 70, 72, 80, 89, 92, 95, 107, 113, 120, 143, 167, 195, 200, 253, 259, 264, 289, 298, 327, 349, 391, 394, 396, 398, 400, 418, 422, 479, 481, 493, 517, 543, 559, 562, 566, 571, 582, 600, 611, 614, 621, 664, 708, 751, 772, 777, 781, 816, 841, 852, 867, 872, 874, 885, 915, 928, 940, 964, 990, 1032, 1039, 1060, 1080, 1084, 1087, 1095, 1128, 1132, 1159, 1177]
[73, 115, 124, 190, 480, 561, 606, 744, 765, 923, 1127, 1154]
17 -> 70
17 -> 72
17 -> 80
17 -> 89
17 -> 92
17 -> 95
17 -> 107
17 -> 113
34 -> 70
34 -> 72
34 -> 80
34 -> 89
34 -> 92
34 -> 95
34 -> 107
34 -> 113
34 -> 120
73 -> 80
73 -> 89
73 -> 92
73 -> 95
73 -> 107
73 -> 113
73 -> 120
73 -> 143
73 -> 167
81 -> 89
81 -> 92
81 -> 95
81 -> 107
81 -> 113
81 -> 120
81 -> 143
81 -> 167
84 -> 89
84 -> 92
84 -> 95
84 -> 107
84 -> 113
84 -> 120
84 -> 143
84 -> 167
93 -> 95
93 -> 107
93 -> 113
93 -> 120
93 -> 143
93 -> 167
98 -> 107
98 -> 113
98 -> 120
98 -> 143
98 -> 167
98 -> 195
127 -> 143
127 -> 167
127 -> 195
127 -> 200
169 -> 195
169 -> 200
169 -> 253
169 -> 259
169 -> 264
202 -> 253
202 -> 259
202 -> 264
202 -> 289
202 -> 298
208 -> 253
208 -> 259
208 -> 264
208 -> 289
208 -> 298
229 -> 253
229 -> 259
229 -> 264
229 -> 289
229 -> 298
229 -> 327
244 -> 253
244 -> 259
244 -> 264
244 -> 289
244 -> 298
244 -> 327
254 -> 259
254 -> 264
254 -> 289
254 -> 298
254 -> 327
254 -> 349
274 -> 289
274 -> 298
274 -> 327
274 -> 349
290 -> 298
290 -> 327
290 -> 349
316 -> 327
316 -> 349
316 -> 391
316 -> 394
316 -> 396
316 -> 398
316 -> 400
350 -> 391
350 -> 394
350 -> 396
350 -> 398
350 -> 400
350 -> 418
350 -> 422
357 -> 391
357 -> 394
357 -> 396
357 -> 398
357 -> 400
357 -> 418
357 -> 422
385 -> 391
385 -> 394
385 -> 396
385 -> 398
385 -> 400
385 -> 418
385 -> 422
385 -> 479
385 -> 481
392 -> 394
392 -> 396
392 -> 398
392 -> 400
392 -> 418
392 -> 422
392 -> 479
392 -> 481
401 -> 418
401 -> 422
401 -> 479
401 -> 481
401 -> 493
419 -> 422
419 -> 479
419 -> 481
419 -> 493
419 -> 517
450 -> 479
450 -> 481
450 -> 493
450 -> 517
450 -> 543
465 -> 479
465 -> 481
465 -> 493
465 -> 517
465 -> 543
465 -> 559
465 -> 562
483 -> 493
483 -> 517
483 -> 543
483 -> 559
483 -> 562
483 -> 566
483 -> 571
483 -> 582
510 -> 517
510 -> 543
510 -> 559
510 -> 562
510 -> 566
510 -> 571
510 -> 582
510 -> 600
522 -> 543
522 -> 559
522 -> 562
522 -> 566
522 -> 571
522 -> 582
522 -> 600
522 -> 611
522 -> 614
522 -> 621
564 -> 566
564 -> 571
564 -> 582
564 -> 600
564 -> 611
564 -> 614
564 -> 621
606 -> 611
606 -> 614
606 -> 621
606 -> 664
612 -> 614
612 -> 621
612 -> 664
612 -> 708
651 -> 664
651 -> 708
660 -> 664
660 -> 708
660 -> 751
666 -> 708
666 -> 751
689 -> 708
689 -> 751
689 -> 772
689 -> 777
689 -> 781
702 -> 708
702 -> 751
702 -> 772
702 -> 777
702 -> 781
730 -> 751
730 -> 772
730 -> 777
730 -> 781
730 -> 816
738 -> 751
738 -> 772
738 -> 777
738 -> 781
738 -> 816
747 -> 751
747 -> 772
747 -> 777
747 -> 781
747 -> 816
747 -> 841
778 -> 781
778 -> 816
778 -> 841
778 -> 852
778 -> 867
778 -> 872
778 -> 874
783 -> 816
783 -> 841
783 -> 852
783 -> 867
783 -> 872
783 -> 874
798 -> 816
798 -> 841
798 -> 852
798 -> 867
798 -> 872
798 -> 874
798 -> 885
823 -> 841
823 -> 852
823 -> 867
823 -> 872
823 -> 874
823 -> 885
823 -> 915
834 -> 841
834 -> 852
834 -> 867
834 -> 872
834 -> 874
834 -> 885
834 -> 915
834 -> 928
843 -> 852
843 -> 867
843 -> 872
843 -> 874
843 -> 885
843 -> 915
843 -> 928
843 -> 940
868 -> 872
868 -> 874
868 -> 885
868 -> 915
868 -> 928
868 -> 940
868 -> 964
929 -> 940
929 -> 964
929 -> 990
942 -> 964
942 -> 990
942 -> 1032
942 -> 1039
945 -> 964
945 -> 990
945 -> 1032
945 -> 1039
955 -> 964
955 -> 990
955 -> 1032
955 -> 1039
969 -> 990
969 -> 1032
969 -> 1039
969 -> 1060
991 -> 1032
991 -> 1039
991 -> 1060
991 -> 1080
991 -> 1084
991 -> 1087
1006 -> 1032
1006 -> 1039
1006 -> 1060
1006 -> 1080
1006 -> 1084
1006 -> 1087
1006 -> 1095
1023 -> 1032
1023 -> 1039
1023 -> 1060
1023 -> 1080
1023 -> 1084
1023 -> 1087
1023 -> 1095
1050 -> 1060
1050 -> 1080
1050 -> 1084
1050 -> 1087
1050 -> 1095
1050 -> 1128
1050 -> 1132
1064 -> 1080
1064 -> 1084
1064 -> 1087
1064 -> 1095
1064 -> 1128
1064 -> 1132
1064 -> 1159
1071 -> 1080
1071 -> 1084
1071 -> 1087
1071 -> 1095
1071 -> 1128
1071 -> 1132
1071 -> 1159
1160 -> 1177
1173 -> 1177
